-1256769336 -836385901 -2102504250 -1455395225 1761903679 363818646 1443311680 1500193054 -1319919533 -2099745230 -1957576680 951261128 175315943 -1898633567 -2007829552 1145124750 -1058551445 1354540739 -1869810598 -1871131274 986276463 -419346914 792855499 1394378248 53301369 1069981477 1905861710 332970804 1026862871 -299472452 2062662234 -1752548238 573561654 -880150021 1955765799 -429460181 1117463477 -900307150 1538543709 -543156905 -1042452683 1720033068
1818992742 434826034 -643372616 1526890470 -86145437 -612689833 -1234853788 596500641 1154919255 -1432172531 -329441653 -1559300420 -86867733 -1952981164 -873648750 -275632785 197269072 -1452412202 1395814766 -1721394983 1823326819 -1510469575 2105186664 -804138627 1388629003 1475168436 633624868 -733965588 1259648229 -1741500188 928476639 266473924 -493352413 1778895328 -712952841 -1115865896 837214129 -1057224822 155619504 765877680 -2016323176 1549559848 -1717291980 -379925453 802088871 1733595442 1963096027
1655904079 -1599134355 -2129503059 40687304 1807949774 -367343560 -2053280220 548182383 -262828912 107708965 -13988555 795583766 -1227380271 -1783276853 66447249 80509664 -911566970 -1365885991 -1730502873 46945486 218375805 -892178066 816899565 1878462512 1662903235 -1412932696 -276065824 1464519512 -104925627 -965401221 1215065417 -1530189167 -304893255 671978691 -944322752 -137398193 -812643906 1758152603 991692917 1293292711 -641190847 -1950354705 -784969682 -1805981695 -1543683549 -846891441 1807834507 -690631413 1582395160
-408794863 1356932592 192045522 1705739371 32690789 -933752631 -591021731 1719619446 961365591 775876435 -1559851828 -2010697835 1390559522 -465553950 -414662379 -1457282368 1135726833 -1464683115 -1874765511 461317834 735427749 -2055350837 872490151 -1507307014 -597495083 713257173 1094807522 276586714 1413768470 -763475988 -885482655 -1114878642 -1915628677 1556038245 -504972107 -491535641 1913211999 1176693795 1294511601
1736074337 -214177972 753020741 959321834 -1772197201 -1807334082 1115029228 506119501 21568903 1279457988 2043480904 245912110 512860923 517596036 144450378 1775233583 -632567308 529795260 732547351 2116430803 1067833208 132587309 298584808 1387092121 1795122223 -2086244266 -311392719 1842414412 -2007888349 1811718885 -570492667 -2094149735 1003291334 -1017833878 2089354680 -681765151 -519002823 2010302029 1228934341 1393919568 277337291 -648157182 458506482 1517226542 372283327 -617564038 -1989256783 -886465931 -1040306607 -362861348 673679305 448511138 -1004875269 -1839433100 2079952949 -1813590320
-1052988949 -1084542644 -1461948415 -1841457672 513780153 -1302645215 1138858431 -973456306 622236630 -1051796436 -636403997 89124871 229317303 38694697 -1146518604 173056643 -616803976 260390720 7070515 -706790599 518210389 1023956325 1581897140 491486390 1254428254 1446611457 -367211344 -1537690139 1826583915 385016273 -20867111 -953695343 45620556 1108366606 1809614703 402728488 -1062868667 934044878 1275912146 -1316737086 -688969031 -1815731542 -5541289 -225669536 -1687250908 -531788129 1587113822 -2039499144 -484688050 503148345 778159523 1715990961 -1829312835 -1808267283 -884956460 1864046058 -2036493718 1536053703 264890724 151464064 1404051384 -1225811388 1226878879 2105504208 1460219041 -151409536 708779005 306758906 -78463438 532670612 -1997589830 -460587032 446323256 1306651961 1611294885 792856462 -2053076933 976271280
44876914 384495019 -1247060506 1710747112 465888111 -1268811431 1753925330 2004065470 716988085 1671582248 145098018 1943958567 1530008339 852983044 66009109 467346951 -944577160 2080665105 -849144150 2098418707
-1268975321 -2084337414 -1247103137 -274476151 -41265794 471331810 1141157174 870917848 1957832869 208935652 1653947689 -1159920582 1559153849 1076935758 158592106 -1651376965 -800504366 -472953956 -470289830 -1137131554 1582865088 -160141798 1829413471 1069261542 -1582201610 259726797 576069371 -940255151 1217178566 308057747 1380166170 -2104353884 -1330061618 -1337495159 69084842 -828320402 508691378 1199739564 1105370992 652868486 -955471093 -2090939198 428992281 -235589226 -1536065378 -834379910 -848058993
-312276272 1352119250 1089234574 564504111 -1644466855 -1660749128 -275939978 869157185 -344513736 -211250700 -283192734 2122352675 1941758950 -107195580 1087368312 -1921010675 1684154317 440414664 985582978 2053977181 1863254011 956484000 517501630 2039339232 -803523310 -834353709 536874737 740002896 -882253437 -1659617166 -1884859967 1939942173 573045499 1404797180 -1244442556 -1787395473 627408668 1662172420 -1053891885 1246673772 617101168 -107299055 897879076 -1406421322 957499546 1063294916 -2113454697 1764564023 1864761550 -49758912 -948794160 -874896608 1960024450 -1251853115 -176148859 -437168594 1683284069 -1144462690 12176024 -642131922 -1591346288 -190350275 311131496 59108547 -668353285 249141412 -554919325 -909194905 -1057277647 650013445
-1974603089 -835349177 -859524180 -667767766 1710795218 1503019018 1666306844 264377311 1225141867 1181551223 560229240 1198119291 795990141 -2079272081 -764070875 559132207 1307987640 843496107 -1625365588 354567159 -208708358 -2047537428 -549432348 505612522 -328978665 2086300535 -1411759025 -7355437 886305757 831830208 -1088659772 -613095935 1853566034 -2083847067 841704014 1288349275 -643290305 -100113315 -60516268 1738291639 1746503921 -1945806479 1300297721 66698347 -1438019778 2046846186 624729029 1864802595 -80354874 1755170187 -28480124 54507764 130213498 668045249 968764526
47100514 475436312 -781110905 1770381181 -302023014 342347505 -153053623 -518036831 93710749 966344818 -865623681 -729939297 -1018459963 -569867331 -1514430861 1932447111 97160722 -1846774173 -570916277 -462040440 -1345092054 1930344730 -1459092561 312511177 -1074629984 691074734 -1989146449 1356168057
-603249099 -1660973340 -1837931228 -1369048342 1890532486 -2137034284 -1721527224 -1670321562 133300459 2147398554 988292904 870313944 -2059405035 1730685894 162028767 332829740 -2143248304 76136578 357188023 -1551670252
131304949 1426738363 1219559432 -29036759 -543711253 -524893558 2030676110 1225471932 -621207115 -1954680466 -1471100229 368094833 -1606145971 1398512300 -133541639 -734799767 -617252162 -2015159011 -163595255 -1914533928 1615592642 -2132200195 -1785771957 1954009591 1274257324 1114203394 1219601213 -2020675521 1727266184 -600810320 57079105 -381255469 1133183616 -1567232021 176440226 1303566909 -1438758784 1327920077 1894149848
-2131490531 -2050714439 -543141621 2054830237 -191968846 1372191152 -1727151915 -1472441495 1398089164 -1338095390 1355643980 704925918 1461803975 -1113497208 -2109718465 1889297089 535461816 1212079856 -196374594 422567346 2079553677 1489909977 1745022943 1740358560 1628056435 1266947328 1623366591 -472317569 1543731575 -1192321542 594736327 369120312 -817433745 692056900 -1738788048 284362977 -653826021 726075032 -1956242744 -1510798291 -1007439738 1267235457 -1038632971 1042808102 -1141023054 -991013327
-1355401447 -896978317 -459365742 -139741319 -2014837040 -1539868517 -1695136614 -1795045832 1125678854 -995051433 -978933533 -1501145305 1041408023 -2067442984 1741296762 -485839455 -477182217 -84608715 1571532534 -2101423886 279156580 1750932623 -1875011124 -1696664807 -1667312289 -228869003 1091086562 1393164238 588112343 1445345162 -1878618015 -3958843 -1350250841 -446037403 -1030710321 -318505932 -533840445
1385841244 282898067 505249709 1297398963 957361275 -1855928158 -67132116 -178612054 -492208460 -563326800 -329287616 -27257100 -2063434312 2010517017 -881094576 1059595286 666165173 2001445391 485291429 -122728671 1267949291 -1026561891 -28309477 -1387545512 510878079 -707795479 1158192405 889658901 625527439 1128448953 -782923599 1042601964 369444998 663593783 326567484 1665445904 -1343376208 1831618296 65975272 2092217077 19748880 128702778 1293358524 -963957449 211298673 -1651158419 901501899 -78913606 -670410566 -944159756 -1858394200 426365457 -739984506 1529285420 -716428008 1395222307
-1355435860 -1358099959 -1434675189 -205438278 -1968900146 1941381571 531462464 1293271424 776036974 1954989917 -1337365003 996207211 -1461834511 608641905 -570315326 1142943735 1545897609 -1496694510 693895300 -1825337335 -68712010 -1969195522 341365888 -190064316 -1096763121 1122081296 2078413518 -364133 1437664322 1561182711 -1507305996 -1947586010 1128175960 1026715948 1850369744 -1722536903 1917322813 1809610529 -990043205 1098345394 -2012647809 -1255281738
-1923478893 878238038 -1309475088 2144221465 -219190832 225106915 -100167700 618477923 606643048 46212028 -1911898351 -1930515597 -791574087 -1357339224 -864227452 1372340959 2003683344 1380283558 121105376 -1929295150 -1200686977 -834239180 16261670 1947624684 995476211 -155459379 -358012174 -1349528985 -740468347 -343011918 77008880 -853234822 -2022578672 792571629 -1547106931 1411885313 2116533507 188653714 -824079375 -411016099 124938615 -2127424440 -349492437 -48352872 926410371
2033729198 -440666163 1556978127 1581515042 -873495557 -1419859002 -1473125529 -64119416 205938847 393105638 -1011984687 1100283206 176493408 -2065456055 1446768993 1774209615 318784691 -301803991 1053024714 1757353087 -1426675088 2042492291 -1494436616 1853677533 704164552 559935994 -1496515555 -1921527008 808151670 1976260602 1188675594 -229291404 286724660 312879904 -67611201 216420989 818222960 -1887534376 -671061948 -204845157 -1124572097 1099550023 1081363386 -1174514320 159791761 -1906647957 184741292 -1249119586 -2071654746 -150396543 -188221782 812807381 -932571968 369474214 -344723176 1158801676 -830114278 511784641 131041603 -569418739 -422026984 -1123077217 883571380 -618782921 -1841338177 -1537000865 -1384775991 546444671 211740518 1490320911 -103362432
-1788454739 -1744019305 411441558 -968136941 -526721362 -769793579 -917021488 747215079 -1863817613 -1132307191 -2060668521 -131973451 -549707865 -396740493 -1199643446 1055608679 1298283407 706112314 1527141071 331820760 1246504762 1671036304 1917767403 451126424 1464055031 556853010 1859267540 1160444656 -2002589434 1470885748 2027567491
569335187 885486941 -1792783283 -1098238985 -1212976673 1157447567 1179492660 548442995 1348384960 -2126529462 -927911046 1184883945 -1004905909 371151602 -539699337 -1142298058 1628789966 -1161778193 537702060 1959874375 429394180 857019092 -1176942313 -2000727328 711777667 2083804866 -1342830648 1533327256 -568277639 633982222 -2108517197 -636862169 1803781783 1719425569 1082885064 -1877655068 -1226007988 -1789680480 -2094829248 -485950328 894953014 1301993164 1828663610 2073419319 1236338645
-742595451 -1160522559 383461249 -405669531 1588004543 -1730853596 124683933 1971647603 2122434974 -1332451755 -972800755 821826295 -712879731 -720042945 1367071204 -1206996762 329557882 -525275381 1999493986 -90291860 -1718717458 -1843029342 -1262931427 250078224 -528885923 257798767 860439421 -277370858 -1048251457 -463886999 -904585364 1870799396 662174559 692481616 1152376142 -1483786201 1960630514 -2046682058 1187861551 -1783937161 1113638122 1866587968 1100849723 1208092984 -265724916
-367708302 -384247549 -1924396225 1044469015 1386108827 -1877720634 -1674582873 191155193 1091323769 399439080 1452225010 -1729210511 309827900 591826864 -112240655 -1581401786 -1389474758 793039591 -725950614 346577451 -866536482 1450324155 -99436756 -1088396220 -1264100896 -1737960219 1361642338 -1881898518 -329166922 -1003648242 688459308 818300075 1731568458 -52025490 1255484779 598833300 766765804 1929074102 -1623412260 -394336335 -1920787319 -967970256 1383674728 404836820 1891705885 1711690019 1642319545 -555508587 1814097253 -1710876549 -970446832 1008435098 728945881 124489641 925124437 -1029426920 512668633 -283145784 1608622447 -373762407 341179430 -111849984
-117522945 -235432301 -1653202385 -1076408475 688628424 17201403 -2123867195 115723124 599032723 -1299241099 263985903 -1201741275 -650785822 -278424378 -263842825 253385982 -653404640 -1850206697 -1806497046 650789048 -2089874970 -663527961 488957306 -1283570859 2059344505 643740226 588543782 -1851781256 2146249111 984273458 1270967191 -1860179728 549507698 204553846 -798231731 -1712421227 1625317628 1097914737 -1725294982 1280980311 1567406437 -778038683 275042862 -1968007021 737522657 232394720 1512530867 2079824808 946991278 936349046 -561158598 -158504758 -955160491 -323264337 -1404918090 1463318805 510802991 1122359619
1631719909 557026090 889286788 -659725989 1104593764 -1420144947 1012825115 1706059985 1739963492 213419129 547018742 244001886 -631175314 633808624 -1806845055 -328622348 -1234434790 1952955419 830418451 1751134176 -1601783904 973765383 -2118267222 1879935603 1673114543 -1862119888 -1684217125 648424420 -1573926275 60831234 1569710339 -1299647628 -265830114 155439004 -1145574974 -2016800557 -545674983 -1138293802 -158669654 1595143362 1153478200 1921458821 -628935630 -1407965191 1056140704 1999498749 -2004732688 -911987638 -2076038624 2088852183 1518271495 -2109944827 -55348787 711526387 -1816262435 189037470 1768753358 784642752 -161096175 -810569331 2015374707 -501273670 -1928350292 2087999605 971868556 50171700 -449657707 96452488 629564664 1776469591 1111212362
177597819 1394316394 -1878416947 -1152550958 836151253 -504908717 -643578661 1653098807 786783759 -2032612772 93125219 1352789931 405020439 -1316475334 -2024136906 -1965170237 857023375 -1471098549 2104115194 2038454328 29273057 130729247 1829336932 1178182161 -1390007402 -1952831942 237435813 665851649
-1560580330 -1655042268 -1144239091 -2035753067 -2121042066 779667566 -1769902479 -264893963 -391535687 -423697046 -1308235580 507071310 -1571354380 -1162732079 101627482 -149706649 1872595108 -590042916 1742866665 -991325350 403056923 -32642498 188490862 584278958 -40489479 -1833141676 -968125103 -1458259035 1994306805 -1360790118 934814919 1641311953 -1562191139 -1675853983 1593454455 894680557 466398427 -468696130 1132347999 1832713193 237595129 900744389 946545145 1200549958 -1091970842 -921252105 -811688039 69962404 1793832442 -376246024 -120069864 1768274840
1036956292 1347157687 89360067 496899601 -1632811356 -1672733892 1617338911 -1806819409 -1650610916 -1435346335 1797207708 2019617395 -974031065 -2076354194 30512619 -472425992 -1584487579 -1755836892 -676267624 330250458 1129235732 1497771997 853450590 53854330 -1345525122 -284455184 -279062858 -829138686 -1014565198 -370737574 1673712561 1444599206 -229744010 -1868581990 964385543 -1707429587 1800378491 -345095973 -1595040914 -715452753 1035362514 -1116172968 -1600468944 484803232 795414430 1147826171 -1959245577 979888140 683371275 1663750215 -192179477 -391657948 -1332380546 1380413816 620887806 -481818120 -1281769202 -38810647 29307270 2053773445 697920817 1845074100 1735517963 448756978 -2040744006 1911550879 -353879454 1980872470 -659529726 -841468106 5879802
470344549 2129000243 1928254069 -1663398868 1360991728 -989217498 1853000826 977863777 670110296 702311249 -829133880 -885634146 1288549677 1260612052 -286389873 2018034600 566237006 -662175223 1717621754 -473784500 -384582753 -1461810127 1419105552 419168930 738288633 -1577036977
-316120171 -1256210078 553997140 -302818263 -1645023582 2016572285 -1109838469 -1123248045 -789187617 -1683682493 1861824246 356116955 1959632958 -492370701 -555833910 989543450 432441106 2092494151 -25903114 -504558217 -1725120558 -1077271064 -1254801189 -399865091 -951542755 1074396450 -764716841 -1182969561 828520958 -1148842789 -907982030 1317529086 -822774160 1121653953 724045373 693452901 399770660 987546562 1677085112 -1400311629 680241793 1215046849 504256372 -1978614142 -817696533 -419716475
-1292775482 1436465735 2126173941 2073968361 1759030560 879203519 -397174398 -536937500 -1531660428 734904770 -1127939869 -1835130194 -1726160200 1536637518 -545240056 1244805071 1690618383 1232286577 -625547704 -1718876934 505835798 1835198220 -653788452 -1209493135 -554285444 81765594 -407942256 -910660441 -784581672 23228336 1346256567 -874281178
-697193723 201545822 -2119379533 -967581966 1788714165 -724331835 -1563096401 874663497 907855617 439110154 381661631 -158800596 -1522180390 232501031 1080252847 -1114707753 -1523490210 734590494 1475868819 -1529590110 430904226 -1537952910 149220911 876517527 628612018 727522521 648169624 1186883395 885250517 377037102 1347890970 1258018001 -1359961323 -692548692 -214329508 2013588820 -363465219 -1805212071 -716068670 -973416349 1305175716 -1724903489 1602581010 -1519417366 -1844558102 -840714271 1425528153 -1997602753 1919373057 -1743636371 -1055928817 -1471378061 870566447 139328557 1126921593 -704808470 -1519498287 1862396355 -1051432626 -2125456850 1162817698 -352615019 411138205 -572046849 1113419837 1696644869 -481576211 -1093699922 212632288 798547173 -1782876763 -1291554134 319577970 1462975786 1211331502
1551685062 -884089889 -758664362 -1981095378 -1492793055 774427995 -1481208201 817313264 477761273 884168629 -309739304 -203812512 163771903 2092021624 299299026 979042814 581876063 568564627 -1293050314 1749445161 186410054 -909347693 -1153787026 -871469720 855894436 2033169171 -1425574687 69062151 -1518242765 561344882 -960599396 524455909 -1745407306 910394566 -2025725906 -559975284 768156806 -1075697391 -1183815982 1395696770 -1419072950 -1262306126 266126803 -1260316194 -525476091
139699500 -1158438883 -759104171 682133199 1413398126 -161776330 306599160 -1195351428 -108021786 332273643 -440953709 200546697 266014206 1847078753 -1139971154 1165819840 -454185245 -1093240846 -1280259837 -261353407 -340906904 -581258942 1716205815 -1778596937 -1178294231 -2038199920 1600137320 1937937868 -2104304141 -572595634 1911623593 -1885016610 -1833439133 1305692658 -1794455094 161767154 -722347060 1258733326 -1740989412 2040492776 166245214 1141248158 869118451 -176392976 646843523 1116827552 228987053 -561975492 -226673524 -584579606 -560183309 116838391 393170060 -2034915785 370500158 1087007093 379570052 -589108862 233363869 -1391738453 657311424 -1397142121 2790580 -1812929312 -1688805248 911354086 -1490472953
-1205871399 207652761 1848711032 919913473 -1244048163 1624458729 -743885810 -1913217552 372023289 -707920979 -1960431113 533920526 1883222942 118263091 -866278704 -106624625 -79374044 212759891 1253212194 98177650 1437949418 -1566303040 -1800875473 1288934134 -1983602239 1758057121 455507695 -1792214708 9119626 -1402914208 709068117 72611981 -1153463267 1163084480
700295149 -1362262164 -2051933643 -2068066005 -51257039 -797352984 -644688785 -367025580 474583646 876632098 634336567 -616820512 1322514098 1703759541 -289254273 -1396640149 1788996312 -622712732 -503787597 193718888 955633750 1803940990 674724949 -2093948128 1724494921 89725833 1568952264 -1451400454 -1727746732 1860671519 -1137348501 329954812 601072854 -1326753262 -877149207 842531729 -349634726 1089419222 754945742 11352204 -1968580525 1189417504 850065758
-192494328 1334316490 721915297 -1006326558 1546212045 -2020734983 1269367490 -134758769 176075891 -1237735295 1246816665 493345297 -381988095 -1156532601 -221507962 -1050106304 1610233251 1485869927 -1637636992 771369140 -187271966 -1091239976 -724726419 1455622538 -515101419 616795982 -1586998349 1917112168 118596630 -116363873 793028878 -1253484611 -294611399 -208184599 71794340 -1401352371 1941102202 -1290927694 80546390 16625388 -1296765451 1489177423 652627288 2030928009 2044970650 -470837622 466612227 1752658030 -267162336 492237950 14321385 -1207406907 771098170 -148189242 2078905641 556197213 -741666040 199762390 875552773 763970990 1365344464 -1287415128 -484120655 901313306 -788627475 746741402 -585590419 -1134359179 -664381946 -66699626 -645427499 -1534271545 -1922850941 -1935487373
1708783440 -1610828739 -826081894 -1633140314 1483613899 -1555160204 901584364 -1244605555 -908723722 -1040418043 -2127739677 709455238 -637248174 1537134044 51188471 1033995436 991723047 145141158 -37720766 -567137106 883631819 -1990095925 -1648941722 -1476893722 -1688003806 1039840667 1925974958 1421839529 1839479144 1612996551 75040627 -664164384 458056493 1988195602 -1417031232 -320330537 416641697 1968249927 -1435683272 -145663403 -1431846895 41429357 350158392 1370225899 176487345 471068217 1721952824 348858001 1567711131 1669668291 1101749622 1076544366 -507150825 -224872580 613195733
1250373661 -2141180577 -1664624127 1020941370 730097687 -961988249 -2088292393 1202317434 1895951594 1394153024 -652829436 -1114140929 711737655 -285864127 1509652459 1725234983 26819293 2045090712 -1706639668 -1953792575 -468906302 -711690042 1591513889 -1470677350 27120851 1705080910 -1020426421 -987837608 -268646328 -1216678744 310682222 1626964869 -1654863828 1550459260 -791200104 -176846354 -1444815844 -1945720052 1580344616 2008986414 -1476542130 704665841 -1414427283 741165445 -744897579 -1630296055 1202184589 -505628179 -1221695454 584683439 1651600808 -581468561 1760405709 -1519262163 -2068751044 -1939416654 19713173 302717038 1419160266 -1763035180 1653020837 29436151 -1332877895 444811388 -1543314663 -981915112 1823404667
1779878335 1895671646 1669605614 541466339 1157959969 787722827 750417156 -595004975 232746947 -1631091128 1931500965 -1416915313 132499880 2083190746 2035553747 -1582374563 -703160293 -223403244 803142671 -43280194 -1259325013 447089996 1115630587 1672400970 -1160919434 1980771857 -1958345152 1344314562 -2042886998 1478824795 1664930481
-581621432 -549087996 -1347493712 1719391873 2079068459 857295735 1397410256 -1544750772 340459081 -1501545050 -1186809157 1799402740 1204446519 -98764223 -1867651498 -1768301325 -842494222 -2016767964 -303331550 1476505768 -657255717 -1936385520 -118877467 961425443 123694339 -50146915 138118280 -1269274048 1333802153 1776737647 -1542856637 755046390 -1613187328 165039784 -410167818 -7137040 -1410794956 1072365981 903325146 922264925 317222063 721901003 1038003032 -2144253692 -687487849 1418260747 65679928 -1866204262 -1018768485 1502085637 -1574471170 -2050364841 -1062513937 -106711582
-1511799098 1407314836 -650914491 -1003502308 1664397020 739180252 901954683 -610516936 -929365428 890827565 -97377552 1562768970 -2012169959 1827014917 -283089436 -1261189335 1554124652 1999895613 189483615 -562575868 704813735 -948832879 839412322 1963094146 1404443577 663326815 2059059550 -827345877 -549215565 1577842862 -1632629783 -97229307 -1656825957 -100375183 -1974997329 978915458 1700560000 -1761512691 -1510860634 215563161 1468300494 -990174695 179295365 -1658023118
-1378648476 -6767242 508661702 640689377 1636577851 1235847945 772244806 107218374 -1288992277 -1340135316 -2107622340 252735417 -688936060 -1123054887 -2039514832 44485285 -1760098592 118815567 -1503586740 -1554220533 1399931363 -50870396 883200834 -936511212 -111401725 982355481 -2090385555 149890021 1510231050 1304730127 -444308938 -586792394 1677303578 -1488649863 1252328889 -1405835483 -1213999119 1383627635 2042578855 1672018503 1143183214 1214587218 364860525 12877312 1206964052 2127990556 -2011008875 532539156 1850704972 -1391192262 921613421 -1142843011 1287662640 -2011562645 -2064097819 -891789698 975252614 -1925780228 -1626350403 1633347576 545996106 1649286710 79822047 1598665979 1263186927 571596566 -1308241143 -796513376 1475607208 1334932291 1456099246 -396166123 -323897373
-871392226 -1135664904 -87070187 634221264 39232996 952111337 2070641596 390047443 -1393329042 -1634405031 1499992993 917316110 -2022349581 -1602880856 -1084086946 -238864009 -132003695 -1001386641 652903967 886865825 581787828 1581160729 934611372 -36587659 -80656962 -2059789384 -298980442 148553250 957334500 268149525 1361447184 1681891409 -162063786 -1762490615 -1437946351 -957788515 -2140239710 -668273398 891681783 -219896510 884756058 -1327947512
-555631853 -306609933 1193684857 1615998803 -1276859471 1557322736 1662594226 515013331 771510521 -238817473 1481090425 2004152599 -1557749826 -2096345118 413054167 -391299020 -774792264 -1829458223 -61957327 -497341249 -874309957 -1282147810 -1192217959 -1118793329 2065739563 -2136806310 -1147349919 -1945036859 -1418411602 -638669257 1143374833 2074536720 -2044444124 1394699886 -198741286 -933761491 1909764051 664933346 276640298 -1629801555 1300273382 -910529019 406136065 -966344966 -1687396072 1564837754 104138852 250204571 68435884 -31588612 474195024 692603062 1797761184 -1549890947 1405286930 2041564886 -516582111 855967890 -206666795 1449649646 -17801407 -190135283 -1719314052 -66450018 -1842928409 436915691 -1796125006 -887125580 335406598 1857655152 2037997118 1727433972 -1295199728 721356432 2141124251 1381551132 329414829 1308042897 -861209657
-2031365720 -315455763 661164635 1133708991 -1400877015 -1291108740 2102986715 2009719856 1283421481 -511674158 -120755121 216039739 256939297 -810722331 705147154 -196963729 1189922052 303440883 -447848215 699182512 -509205904
1123763543 593635058 304016159 725304936 -2042720978 1348302148 475404195 1011419949 1221937257 -1481415664 -472486574 1721564461 -292860615 287413409 1450195838 -2146652893 810408541 -683338780 548747241 -2132984669 890604214 1484654706 1894854263 124904903 -1270649318
298940453 1734924558 -1703519385 1215072745 848850233 -2146593408 -1936011301 846816750 -1764145477 1255546644 -297209949 -1558373572 646718243 -1642940586 363428785 2126474159 1745953363 1213070404 -2125213486 -1834179549 -72037177 -665480839 -249281537 -1262590918 -625526262 -356403315 -2094305294 -245195172 -1241863573 575960506 -1899214852 264508415 563447792 1525627331 589825045 1447547432 1036976779 -1452797424 1481914932 -356027856 -1295205493 863364637 768129249 304620235 1034630229 1551716629 1899493127 -563430074 -752749485 -1803681095 685649166 -112104689 -932210133 -805647737 -1736414423 1618714490 1180257332 1085583639
1319201217 -154387419 -508312633 -1079129568 -1331469491 -882429425 1134458522 2093167834 1689566771 -2061675892 1527431261 1463948490 -499566592 1518507064 -545106677 217585616 -1840712519 2120587360 -1314545038 648409044 526943773 308402937 1198486293 -1219197482 -417094868 743468499 -246064300 -1033778621 -702721044 1630319374 -132164406 -1642482037 -1492085398 -681194804 -871158794 1491424239 1533590014 1022142504 1488364572 -1654465633 -255260205 1574568294 -952797843 -1688779773 -1236310106 780570474 -1431926427 2040188760 517340622 1252216942 2134776180 -47747201 -1355532421 -1987657233 909153248 -1400302831 1623165506 -507558424 98855657 1650274230 -179252264 1783244610 256848429 781196727 -1021620195 -1982729846 1883024973 -1713628976 669936476 -78770204 -989545775 -218695093 1565258961 378070847 -987813304 -1374093239 -716147349 296804297
257439330 -1543262510 -1167322715 -1640970204 737760112 226723498 1747814619 1985843105 -1349508952 -270802407 -771337072 -131120051 -53035543 -75352697 -1625565834 -344441655 147085144 529779876 1301282693 -513610025 1440817196 325193390 -1354792214 -2094753984 2002691782 -574078221 965021759 -279446536 -1940335100
-1401934851 -1254118273 -720029739 2050391181 -909032146 -1488886647 1398492432 1790471409 -1939602586 -824019744 -581300607 1994125433 1450967027 1319589513 87812933 -1097968833 623337043 1605815333 667670615 -511360571 -335677466 -331139686 530793834 523665212 -1106571548 -2101151246 -645788936 1386101763 1823128720 -1691669630 116303258 2134233197 1561562797 -454178226 -1353821542 -229318713 -1009252303 -1263581012 2055856582 1733502872 1915943224 -1312999898 1817006214 895581994 1454170683 -1081461596 -516062671 678742857 -1596467583 1561435082 157329819 453372490 -1312648748 -2058916193
-787096498 798668152 -1763735698 996959434 -1776964664 1845583961 687939056 141730677 457562684 353670786 -1809183829 124885400 1931040072 1784884182 -1663602028 -1833407750 1952724968 -1339546119 1052748283 618688159 2111757300 -1014642290 1573098919 285843733 1946812398 -112736601 -881079488 -541366259 -519502598 1698117753 -274191891 1272281900 -1814853331 1635937359 -1391540163 90572323 -1167072759 -1385847871 767646794 1073174524 -1107543224 -1553906139 -678526437 674804663 -1486594600 1528640836 634815562 -16050667 1425957671 -2132788912 -816739610 791938226 -1675044704 -276973547 -556837734 -58344871 -1431758988 -922014865 198630926 -1200798573 -1305422691 -1177416965 495885197 -573806975 2036215071 118103313 -843306777 1309562091 -1191595376
-181103720 -1329356904 -697680933 -341437381 -1526422743 -821896225 1032748608 828530084 -1305820202 -1584339842 1084797598 -644819225 -1959626896 -1246969175 1829292788 1136649208 2040230020 -444033946 -488244187 -67537537 -1561019459 406455319 -1365204998 -1064313724 -919168122 -1769855656 -575556755 -164125338 1701575155 1467337483 303920420 66039313 -580479775 -1492342096 1888675899 -1969755281
1915674873 -1212530874 -450194914 -430564545 -314725475 651195285 -1919773084 -2042891744 -594711444 651070649 -766134433 -563475346 2132036003 -1069589433 435652992 -1919307820 -1947074687 550416859 -715246534 -955210271 1084929817 1791576928 1104729845 1459449833 -1590167959 -562756211 1894959432 185095469 -1850737236 94179506 1732127336 -1570459847 -1133173268 -853135948 -420252710 -947906419 2095322330 -1824835755 -18152592 -417111681 -1903109663 -756909128 1162924146 -944541857 -1450162056 -1278170588 -1094598630 -1115788836 -1370741833 -682206969 -1987752635 283368101 -1808404691 -40802242 546142056 1458348883 261454064 -790903917 1175596224 -154014331 1089302772 1292192134 -1321425971 490764620 -1119772256
2024429568 -753406519 -1355833954 -1283927260 -606691918 -1757671403 -1635518734 -128484937 -1426783912 -1542978464 -737979570 2114198530 -1095375371 1062337884 583004579 -808851386 185734863 166723035 -993430277 -338050736 550584421 261394614 -1483863931 -1451191554 -464878433 1407490801 169947377 -1898976511 -870474169 605400092 1309531902 -282011164 -1013561416 -1888063237 -945907888 -44736436 1767037140 -80139159 -1109408890 -142807936 -1629335494 -655205767 -2108850036 1900325931 2023570360 -1984175651 90144301 -1299925407 -1992281089 2081388427 -717569045 726094303 705027989 -1905190755 1610247954 -1711809642 -647384817 -819151240 1350417930 -155512470 -1482959746 1341698352 750451949 -843397834 725745705 360717355 343680857 -162841581 -626516868 888129795 -933014650 -1770996262
517547184 2019703450 -173008666 -730434035 1969091302 1337029179 -1619190242 367262716 -841395268 805907302 -649701070 -897780064 2053177230 -2019128706 441288995 -994523595 667147555 -221909848 1752210697 82605338 1599690257 1256959573 -1526777584 1566962300 323423583 -1713748193 -1678440509 905167956 1847123052 -458371367 1051810700 -454990702 1977694736 176308192 -842472325 1866448282 1574334464 -1299510601 -870941114 -2083227153 -238861705 81252051 -1543742832 1384258349
1080773810 -1357444242 -660206532 542285817 503768369 1421357606 688464578 -1685795770 -765576673 -1130965447 -1630387239 -944961886 -1047804916 -310400861 1169301506 -1408024276 -103255705 1806677856 -1183172008 869242271 309699271 -1675078350 1942007560 -339608397 1693063304 1911765409 -1034588928 -1908172861
-1808130749 1013241574 -126848849 -1891058795 545609277 2037317451 -915221501 89269263 262748425 2079978528 656910680 1581677361 -1105051272 -715600536 1996844538 -1877065848 370952186 390624046 -1398426166 -99579112 -899594467 -21082438 -1427417498 163957174 707818835 -1605084417 129867910 1741619351 -1899579656 897665110 -554480727 1217493795 -1200771950 1635952497 -1114769424 -2122321649 -1569267367
-1525585336 -25724502 668786170 -1793100838 -1244666161 -374873994 228336535 -826860464 -659075728 -556519687 -1200467182 -2037451390 1270930639 -2110685227 -1982724981 865119199 -371212436 -923308266 -272755930 -105691610 1986578178 -1089029173 -181968623 -1951190245 -827327952 -4198697 815028165 2085682807 1094637659 -424862968 1837738123 1855054111 584087505 -2084631960 1050677569 880582809 745464370 -223384365 -1297405603 1149268411 -35695861 446618569 -619611342 1448792741 -230605629 1314834309 1555459442 -64188432 345913274 1808048462 1541062899 -1430427353 -1654177874 525653772 778086069 -1880029067
-546737123 455914020 2003255712 -768718216 534870889 1227697049 -1368601547 -177654362 -1700573517 -517634266 -1459557115 -1428464375 1393407794 1391723410 487047887 821154003 135816032 -169626206 1443375678 -1917763539 60681745 -1409449062 -699437803 -700429737 -631848250 1584321794 -1857802072 -245154285 -1867680958 -1387988307 2035636109 -823530685
-483880201 159959700 452356817 -2084739047 -2034995635 1517903091 -1056046898 529208051 -491276303 600981445 2119400669 1297148538 -1117034754 1766439093 1314700498 209565476 -1600177238 335810550 -1861536363 -831483041 2053295307 711125366 1810474572
-1292670564 -137069230 -1928373831 -2035333802 -771763264 930702219 715889119 18785536 1860113798 514778874 -681428501 -678802688 -311953299 318182273 -1563665838 1988327310 -1209344021 2023158659 2097072950 1329513875 -2035807127 -1613320043 371831054 2074647679 1647872658 -1655272587 2122010500
2030064333 967237434 -928375135 1945633047 1814322439 -58678323 1898483239 -315779537 1055370421 1004479383 2135366461 1167874925 -1342269159 -1911367557 1387240529 1565827591 395826627 -1024416762 284092217 553251054 1389297498 -893397275 1248867739 -382821530 909422748 -1799570537 -157291633 1795796184
-903047070 2049025154 -2032189977 -857693336 1767595147 1382001245 1183876800 1085428108 615148736 -310887707 -1441119562 -28310442 1079722713 1995390820 -43173619 343851256 -1657285441 785472137 -150601963 -1062365674 166065836 -1805684596 -1200208006 2218631 -1479398252 86510997 2053329626 -2065558435 -1368285470
-1985849960 -1246114782 -1755175321 1708404502 -1403722001 93376613 1793762191 -1214749560 -915092151 418688372 -1647504171 -1294589060 341818321 -111452822 -1971380104 -1259898275 770233671 1485993067 -806025874 -189718245 -562100206 -2076291794 -1032444007 -620174510 -833316965 -981403205 246524728 -585758549 308635352 739834997 -675490913 816144258 2097076262 449056091 218896682 98618825 1732597339 -994938998 -1055708561 1584696363 2086722331 1570478853 -1421390670 237662068 -541391254 1070415545 738381725
-1689347197 966385338 -2055239632 -311328624 1924232935 -1910730030 638158582 -1556524908 813650360 -1063540419 -471171719 320553062 123528774 -970182227 -1365145865 -1951839995 1127238122 -1026247533 839010388 -1362148574 -207319022 -1769104736 571579219 -326597554 1809582749 -2023618423 -1054525184 -865097132 -40518807 -1596181750 -1070655632 -1644873501 -1656763607 -1978372306 -495685971 -995103376 -1715857029 -1150647604 226203882 257370 321468985 124057940 1392198142 -510905778 -1049922546 1068138699 1883806223 -427566868 432444492 -1949986029 -1939243123 -64801366 1165929469 2074275696 919262306
1030949431 1874831431 -873827737 1203028901 -220198988 352569639 642216729 -65611647 -1204193374 647158029 -2015183220 1942405186 939184566 -1398031133 -825944673 1990398635 -1618515578 -1991918006 -1667298448 -843923478 990267160 1504754329 569025042 -2127658687 1774875829 -732250588 -1354924419 270413801 2056377859 -1556246592 922085318 1882859058 -521020334 -493162362 626787727 488574702
2027328471 -1191964224 1977927440 2081327189 1269371809 -1756008074 -166775409 1010079105 1222075615 933620027 1960459663 1737182216 1900974182 -770219912 -498061629 -1236260278 -1120160803 1991895079 -156477428 951549068 850693900 1423636684 -595484570 552095244 -687529638 -498721883
1721620309 -251978864 -1236634849 200033208 -1891566124 416295395 -2102667636 1760799896 660715690 -857712080 -2082638573 1176727006 -1063162174 829039241 625947623 -1604841712 1050452518 -1989555217 -42583108 1394550880 661879950 528106849 -221484683 1454118740 -1636429510 1270981397 -2037803487 -196027991 -764254207 395300356 1452599848 -1225837963 2054137256 -2068174932 -983846975 2104786315 -1937578633 -1910036975 -283223898 2041894178 -1876977655 -1398199292 807119627 606105016 -1056015516 -1485299289 957172171 2132298803 -145522615 512594223 921177060 156613194 -738447156 -148943893 -888809691 -1205199582 -1068143578 1269881734 1359344165 1720914491 -1516205112 -369867896 1124860279 -1619462515 72172980 -1254697182
908868590 -331423736 1822369578 2040390455 311963830 -789018149 -1790096285 -649402106 619191717 -436867764 1639911938 703705871 -121250301 -2043523369 -437402515 654160794 -1725475320 -1489908246 1119070277 33658463 -988648578 -788161864 2137218470 -2046059392 571827364 -218286772 -698633299 -129023047 -1934896811 1833175520 1560719418 -513430314 -1348050327 466353774 1096470518 -662080156 472798043 1004193159 -1293827433 1330247851 -1973204436 -459732380 -742906014 863841243 823972230 157272634 1663962609 1979091332 541511971 -1150193966 -538427594 1107083339 -1092442001 -1785627048 -1898016065 182393050 1647103852 -272173966 -1751919557 -710490344 -251584043
1890057532 200252058 -1684653946 -1205607022 1655555902 632734296 1850373402 292312694 1849219559 -106588253 1690543061 -199611245 1705646480 558474326 994858948 895550170 1335089667 -1475717045 -1922538206 -1735933333 -202901114 -205512175 2085363197 -279393169 -658626536 869785307 -1535625959 -1651872476 2074140410 -1826040390 1098279700 684911672 -1774990224 1213379086 265382346 381472347 284080072 -2082721478 2049208826 2105875471 -1999363685 698513302 2093334313 -677985854 498803794 2008301737 643352006 -1496097507 -2110236437 -424452457 -792481906 -1492448354 -458636291 311049432
-351662492 1856376569 -1393927638 -1482531786 -1900259511 1968148914 -387715640 -563129317 1213485877 2114973726 2000038876 -615381568 1130595761 1749635165 -1057301199 -1384461820 1487456698 433483003 960970284 -2030889808 -46052393 973277042 965171452 -495086444 -1725525651 -650477838 922242832 1972744687 1488265554 1665306467 1022969289 1199443731 -727932513 850689194 1865542257 -215748791 5471945 1590111787 319340906 362260465 -298487822
-523062102 -2076672019 -216699780 -1550826554 1976079718 246718784 780199647 -336211121 -144276211 535036145 846946492 1000146614 -895190665 2140102965 -2108249038 -1544485794 -1665773474 614650316 -2051182993 121065600 -2097863156 1969050283 -800409720 -1779176845 1132127062 1745190106 -933051507 -316966355 -1290520888 -1127918177 -1498531624 -453225975 -1094947551 1858973660 -338004059 806308042 572120321 -1845248075 156684007 -1133662241 -525805088 293717109 1827646041 -491132440 1873699394 1147006130 329649618 236742008 -1427440344 -1883711314 2134045149 -87097316 1889106633 1900502783 2022397320 2009929116 1372359810 1520531314 -1716315780 -723599488 -1913034742 -438669267 -1485178802 -1533409067 1923934697 -1383804653 1637822483 308091440 -968103126 -1484353173 -2104643271 -621764109 -1516847537 1632142275 682354324
-357365884 521542674 525822647 202957448 16671768 1177613340 1448492677 946117375 -702573272 -479350246 17585415 -1502019731 1039344028 -1251592807 475891838 -1615606804 -1488215209 732376738 -1743696708 -1610152645 -364039255 -100826342 -938560849 472741570 2041490184 -2106972564 -1742958274 -1432711981 2107811840 -1484175516 -616896681 -585691342 -1261072025 -291243938 -479737016 1209040855 890046420 -227428961 -655131826 -658955790 -859276720 1744924162 1588355947 -2139951826 1359598158 -1533546026 1533357180 -1293946567 963144408 399240198 -18601846 1352068484 -1342191861 1459997050 -1720930209
2112797637 -1727253827 -955759012 -2082302009 -952958820 799800288 -71396726 -154766117 1425562641 622112413 961055726 -1876097621 -1422795004 -2140073282 -1027841248 -230319685 2026300267 1540708543 -193658338 921331751 805618238 1259522738 122762589 115148080 178353333 563816290 -745287135 588655606 682267829 -610530373 -1838191091 -392044409 1333751943 -568521111 -354583555 2005741080 1957438922 1634824638 537518611 -772078191 1399257003 1123586008 714693904 1170866254 -640658350 -1388944126 -1549646620 -1987245277 136920479 -1577067430 1167361671 825572769 -1623521003 836276 231139081 267084183 -1620661482 -973372482 -1238572056 393998043 2122383696 653333860 -484850527 -1566539958 855953527 851555702 1646965129 1922957068 -965056204 -214606458 -1363483684 576658716 1249912924 -1413148394 1793213206 1302773767 2061387365 2136762867 -80739455
