16450,5251,2695,1773,162,1894,8738,19773,14512,5478,454,4852,9040,14949,18992,17566,19639,19700,NA,9584,9452,1131,18975,19770,16516,181,14552,9557,10863,511,NA,13074,NA,1526,15760,13974,2562,9019,11190,NA,2882,14887,12465,17199,8609,17082,4022,1438
14853,9849,3074,17956,3262,576,18792,15436,16473,16287,8254,13542,18764,17961,15193,17853,8805,6542,9957,19598,14119,14317,10778,14993,12360,8433,15768,NA,18659,14152,4380,10283,18349,13203,NA,16304,18561,11798,7801,1726,6069,9696,1887,1978,15923,9313,NA,1562,13979,5750,4418,1850,11144,5904,7981,17189,19387,16959,14743,5906,13070,15960,8146,18385,19584,3556,10141,7479,448,1708,1243,16715
11472,17674,19456,11528,12622,14274,9040,10574,5606,3670,8189,9347,14615,228,12257,18154,11394,7291,1411,12722,5874,2620,18789,17594,8035,1885,4348,14094,7975,NA,3440,15501,15193,19145,15124,13472,NA,5477,NA,13154,6616,14114,1825,13020,3382,5377
17345,9522,3610,12966,12744,15469,10869,6330,16509,19398,19959,9683,NA,14202,11941,17829,12275,955,7294,18762,8882,5121,13438,16522,7236,3841,10550,15537,5499,NA,12398,NA,376,17214,3801,10607,NA,82,11294,3497,7029,3444,8124,1620,355,10351,12567,1961,902,15490,18844,4831,1325,18076,7965,8097,10797,4268,12667,17726,12041,NA,1822,6892,3874,2197,12666,19548,4417,580,8016,9415,163,7759,2983,6658,8262
9599,8140,17331,9057,7123,2637,3859,11336,511,17219,1726,17244,8206,5375,6855,15514,6353,9444,17500,5587,15599,2271,14798,7964,19096,15306
18493,18300,8053,15404,8335,1936,3114,8084,19993,13496,177,4144,5267,13976,13750,7104,18049,561,5339,4385,2253,5873,3535,19524,11087,759,19309,12494,NA,17956,5879,3809,9871,13777,7066,2656,11899,4403,14889,7210,18699,1488,12391,19321,12718,NA,2912,213,7573,19478,4695,18531,8944
750,10175,19279,4754,476,18011,5103,10878,16442,3568,3126,6243,2534,7949,10737,1109,16908,14262,3403,17598,18967,1173,9618,2157,9807,5734,13037,13381,14426,3853,5161,16568,16525,712,2625,11085,6342,16288,17615,6861,15456,18079,9362,15251,12584,8454,NA,18225,2517,NA,4576,18743,5149,19722,8292,2229,3684,3068,17823,3217,13531
3414,17038,17805,11052,12042,17561,13332,18391,8860,261,9739,19900,18764,14191,14668,423,NA,13896,5176,14355,27,17395,8201,18576,14793,7065,4204,NA,1220,3143,18174,11275,18491,9700,NA,1969,3344,8104,9337,3012,NA,18296,14858,NA,16195,19150,10735,1797,17434,17279,8594,NA,4531,7174,14537,12554,2532,11596,17734,15942,2704,656,2353,1857,10122,6062,618,5603,14131
16781,363,7137,11397,18148,1543,7424,3459,19028,11234,12329,3952,1702,NA,15516,15021,18389,12071,17571,18459,14899,3274,12791,10105,8534,12949,11607,16900,17642,7289,8607,1897,9929,11851,19775,14952
522,3865,9321,9261,11895,5297,16328,18264,1585,654,14828,13815,8109,NA,3393,4794,15711,11288,1004,8521,1898,11232,7227,12393,NA,8538,2313,9952,15719,19205,1447,9758,14313,13860,16185,3660,6713,13689
5861,12404,17533,2725,3148,1762,4399,1922,3221,17867,12142,5938,16459,14137,9928,8943,10799,18690,7164,5336,5038,9422,8221,13029,11806,16087,NA,18788,9075,NA,7454,3373,NA,15150,15101,19398,16470,1047,NA,6749,14188,12326,14905,9441,15350,15243,19231,NA,19429,14627,5574,19838,4749,18021,2435,NA,7142,6894,6262,NA,18519,1805,12908,13942,16227,18576,10071,16717,2018,14558,8370,17532,NA,19619,2136,17905,8388,13846,16196
618,15151,19215,18887,10005,259,4333,17766,10138,7143,8475,18854,9720,17819,9752,10521,16632,NA,8515,19127,209,18804,18148,NA,7419,2250,394,8693,919,8439,NA,19356,26,2102,19780,8043,16338,4458,NA,14766,5705,8212,18908,15287,15169,1193,16169,7968,1418,16092,16695,11154,8979,3448,18233,12795,13539,9963,2624,19134,11002,31,11287,8966,16103,3031,16860
12851,17372,17582,11022,11637,18026,1426,2204,11676,4148,1044,NA,4980,7428,15897,NA,4825,7088,9122,14244,15353,15475,1273,8444,17938,5604,11136,5926
10535,15388,2639,7672,4766,14359,12218,15921,10063,19218,17743,17167,475,8734,17062,18678,10151,17823,12620,16842
17088,2857,4023,17525,1320,18679,819,18742,9063,14054,10014,2057,16286,4592,8279,15390,4885,2039,7088,13816,13446,NA,10063,11828,9977,9016,18984,NA,9353,10859,6032,14234,11748,5978,NA,9030,17365,16392,12283,159,18095,12391,15347,6900,470,13620,1580
1284,1257,6569,15640,13937,17648,7136,2010,8850,14913,17726,19385,19349,19808,3477,15678,12805,17537,9794,5146,4711,6675,8404,3868,17417,13550,3232,3992,2847,9121,13643,10257,16870,2530,13511,6775,12598,16097,6100,12864,16717,13775,4660,18153,NA,17412,16177,1108,15644,8775,NA,5142,8673,8437,6761,1359,13148,2279,11334,13406,8657
2585,19598,18343,4486,19984,17733,9123,6192,10392,14169,8144,17967,19081,790,16005,12050,17236,713,10438,5568,5654,NA,19261,771,10284,2660,10811,1225,6482,NA,1342,12853,5035,877,11069,8763,2911,13124,10894,2259,9040,12620,10709,2176,5798,15378,12992,16486,18538,18945,10931,14162,14120,3738,14419,16323,10958,18144,14668,11240,2817
9118,17158,10450,2237,6907,5809,5521,6527,5221,5569,6192,18219,15278,14183,7834,7517,9416,18290,6526,11946,NA,3726,14333,12513,9066,5393,8791,10354,5883,9705,13628,12785,NA,18852,4747,14326,14494,13104,10531,18973,18924,NA,19730,3830,18618,16804,12168,3158,15835,11501,NA,19569,11800,3662,17979,17832,13893,8784,14286,6207,13857,14874,8235,9200,9143,64,9087,4265,17385,15860,NA,5449,4307,16820,8247,10373
7378,13582,5234,19497,2720,9183,12614,3813,13785,2926,9664,1426,14215,8890,11596,6572,2093,4267,3573,4683,8004,6724,11040,8456,19299,NA,19982,14075,18187,NA,10375,19609,17193,996,14689,15096,3602,229,9107,18460,15706,4594,1867,5535,17646,5649,317,17241,8366,NA,670,4423,NA,5289,10798,15102,14473,19576,7751,13778,6803,15534
15513,3821,18196,16715,859,18850,1110,4030,7246,14417,3171,2868,5261,2474,4043,9069,3464,9845,6099,1418,1575,17447,4200,17447,NA,4566,9329,19227,3564,7679,15757,14468,NA,10622,13905,313,10726,13389,12068,4803,2847,7416,14283,11893,9753,14621,12326,NA,4157,7833,NA,16103,10132,15657,15114,12335,19847,15923,186,14809,13039,17972,1191,3040,9461,10368,9889,8571,4452,18189,11489,16109,10374
349,4799,16071,14358,64,8710,1173,4181,5842,3166,17559,5590,1749,14820,18970,2609,6697,1555,9968,15836,7852,3665,NA,19883,5580,3538,8043,18922,13963
2204,13717,12368,13304,16588,15203,7616,19167,10708,1301,5076,7143,9902,1472,1522,10471,10487,NA,2158,6783,14289,14434,NA,2999,NA,15707,9347,16061,9982,4759,19614,9446,19427,12565,NA,10898,16397,4578,6992,13118,17704,17061,11117,17263,15998,9841,5302,10799,NA,13216,2185,14523,8757,7080,18138,771,12933,NA,11911,4426,NA,9051,13062,NA,8603,16824,10219,521,14436,96,5268
19181,8836,9937,8934,2696,762,8133,1143,17599,18599,10120,1295,5445,733,13743,NA,5439,5374,17579,6589,7986,8361,1025,NA,2155,7600,16834,NA,10086,11083,14685,16184,3190,NA,7543,1829,5758,7515,4872,9873,6663,13909,8590,6162,4975,15965,16476,11446,4691
3197,10406,9704,10375,8856,1298,5167,12641,17738,16369,3907,NA,17230,19008,1028,1814,19937,17366,14716,13529,16034,16614,12202,7177,5706,7061,1164,18847,2951,6661,13617,7093,17156,7370,1800,6665,12912,16825,6062
10739,9248,18903,9352,7799,6893,17477,14650,4379,6799,15014,10060,12949,1615,14486,13450,11631,9741,6910,13946,8283,16551,13908,18407,NA,14262,10452,17738,2088,2268,3019,8908,9370,NA,9187,6586,14931,18113,4365,10345,11153,3497
14689,4616,16187,18314,19090,9615,3444,7927,14135,13427,4277,9180,7004,10014,15870,7666,18632,262,9193,19450,6649,5146,19976,13178,11838,18780,849,6771,13373,4877,6639,3845,11514,3702,NA,18897,5518,11604,2419,3913,17583,4971,13153,16815,14547,6898,4980,3085
10880,3696,4673,13022,6476,5099,8072,19407,2355,15888,18534,14883,417,18770,NA,18889,12909,4493,6113,19150,11451,3669,14226,15683,10105,8408,15365,14973,1233,NA,4847,15553,14125,3683,17784,10387,13760,12146,1535,9237,19537,8701,18534,19659,4590
7911,1106,16965,285,8428,17616,19902,18273,11885,19273,8448,4864,10433,17860,NA,7770,7751,10952,10297,15011,6889,15532,6426,NA,17883,9918,8362,18635,16135,15620,14042,18963,4139,19263,12269
9095,19235,6097,3082,4678,17768,781,9065,11926,225,5906,13827,7403,5649,12251,9057,1053,1183,16668,6241,9669,3775,16446,4963,10012,17354,18678,12401,391,7647,15099,13926,8139,15687,11542,18525,4443,15484,8023,NA,9987,1521,12900,2027,11170,19417,9225,16560,919,15132,3544,NA,3840,7850,14919,19553,9303,NA,17251,5396,621,4445,4027,4685,900,4870,18978,15045,15711,3874,193,4169,9489,10724
962,9045,17526,6862,8703,16042,13632,10756,19517,7407,729,19364,10302,1360,12954,6041,NA,5962,5816,7093,17408,18727,14918,1017,16588,4739,18367,10270,10567,4194,3664,NA,12010,6060,18597,NA,2691,11255,NA,8776,5711,2691,2033,18367,16801,589,3306,11439,14327,11501,12135,10475,15988,2845,NA,1312,5543,9398,9618,9753,2755,4209
8361,2404,14474,13432,14485,3003,17768,7023,725,13821,2277,13168,NA,5263,9473,NA,14609,2417,3413,4794,14512,6511,8768,11224,NA,10017,15628,13506,10972,6682,1080,8743,2077,18155,5275,2108,9459,16634,NA,4180,3261,5219,620,3236,13894,NA,220,5343,14251,NA,17623,15091,9806,3190,12486,469,11706
15856,15396,2541,7492,10929,5708,6076,18416,5108,17059,2906,13741,16487,150,4929,13069,10837,5335,NA,884,11001,3851,12884,16114,15732
18279,18401,13199,3853,10742,12641,19764,12701,8892,3952,5799,10764,443,5093,8907,13180,1203,958,4948,18212,1151
19450,704,11460,2273,19287,3840,10852,4291,19255,8568,17964,NA,15710,8744,5363,14999,17927,1127,13265,2707,8622,8241,15,6871,5058,17259,11956,12412
13197,15680,3560,18804,6739,338,4850,604,10676,2858,11835,14473,18253,6665,11594,136,NA,11097,9038,NA,14946,3108,348,4283,10345,1737,12549,19984,3351,19688,2510,947,NA,16077,12728,NA,18185,15682,7033,4893,11781,10016,16289,6560,8894,9348,13671,670,16378,2671,9628,4951,12851,11599,19374,11115,7569,NA,6216,1495,12781,4157,4468,16283,412,16014,8750,18251,3277,12010
4809,1962,15707,17390,18388,14301,17499,17976,8101,14038,10754,1447,16302,NA,6141,4979,10855,17922,9424,812,15014,8425,14629,4124,13031,14426,2101,3204,15734,5034,9275,581,12719,14922,3486,4938
13821,12127,487,18088,19301,10745,15069,14725,7945,10474,14962,19404,11875,18518,13721,19814,12163,18607,1873,3434,1573,13698,NA,10591,6566,11214,12499,10989,8457,12339,15437,12675,NA,11434,14937,NA,14452,2941,10092,5624,17523,1208,5819,1849,NA,13532,1363,NA,9008,18344,18886,14645,15609,NA,9085,11947,17660,896,442,NA,2358,17335,8972,14881,12784,7360,NA,3734,8370,14834,8249,1357,10498
5750,6148,14961,19767,2037,5620,1777,6272,804,16409,7530,1227,7075,11581,18341,1259,12631,14370,7080,14570,14853,10240,15831,13435,10419
10049,3452,4729,7576,17656,15239,10331,19627,8848,3868,19596,8095,18468,NA,14082,NA,1520,NA,8276,NA,17556,5495,9044,11882,9038,14284,5767
8511,9119,16874,9515,14506,6646,8094,5269,8629,8557,12042,10345,18427,5395,2502,NA,13267,6332,8935,2236,8638,1829,6438,6887,18418,2319,16237
8044,18591,16752,16600,19230,9069,1241,14378,9027,13776,1648,13991,2601,10518,NA,15182,NA,1873,18084,9985,18395,10708,12477,4077,4417,17782,2865,4189,10563,NA,8609,8551,2354,13775,4837,19134
2430,12720,16837,7050,6481,16861,14523,8325,3010,8006,18418,5340,717,NA,11908,17836,17479,13109,7136,NA,5338,11852,7739,19856,11491,2744,13328,4183,6160,3369,1773,18453,15145,867,19197,14207,4556,10617,11517,6829,3798,NA,6230,15428,2947,12577,17389,11993,5784,11730,5604,9891,10253,8688,1507,NA,17473,14456,17573,8599,13103,13029,17745,5967,18552,NA,16835,35,10804,13802,10248
10555,7153,12890,3819,19137,10598,5665,11958,5920,15732,5151,NA,7923,NA,13712,6538,18094,2138,NA,5149,16790,1875,14106,14065,5501,7849,9957,84,5304,11764,5594,4426,9951,14400,12666,17297,8289,945,1451,13967,NA,4224,17091,12769,6469,15077,15436,6335,9710,2959,12908,9242,NA,742,13050,5697,3566,18910,NA,11402,17521,13452,2516,1524,8902,17771,14999,17361,10861,8889,10359,60,NA,13734,1050,13832,9374,8085
8558,13817,13781,1491,7559,18497,14606,10572,16666,3737,3505,1402,19418,11949,4943,18059,NA,15714,18742,14388,7385,13482,19534,6680,19390,11297,134,4854,13924,8886,9779,13622,NA,201,9659,14447,16533,9770,10594,17319,18279,3129,11196,10546,4668,NA,19074,10348,2474,2964,337,6640,19042,12537,9346,12502,2874,18627,397,8785,12302,1249,850,19335,18427,4188,9136,18755,7024,17681,17799,12622,13195,18354,9281,10224,4144,6468
15231,19558,6050,19089,12297,8213,18038,3035,13837,18890,17272,17395,9088,11739,2344,2006,10293,8387,6265,17238,631,NA,13993,710,3843,18100,5615,NA,16087,19267,5410,7686,12196,3902,14565,18845,1492,7098,11172
17110,9350,4570,18763,12024,2705,5156,3097,15029,3089,4457,7651,7996,16213,14147,616,NA,6848,19243,3124,12173,NA,16799,1163,51,17145,1978,3369,19458,NA,7546,665,8339,NA,12701,11015,18926,7754,19874,420,19970,11263,16033,15676,10288,4873,1578,7016,5500,NA,17378,7724,15023,12547,NA,11416,2488,8716,8643,5005,1182,12254,19989,7146,15627,13490,1527,5074,6116,10434,NA,8577,13489,16564,4128,1788,9577,9920
8290,15848,9880,19714,11717,14427,1474,2353,15045,3167,1037,13706,18866,NA,5714,NA,18887,3999,13726,1339,NA,15872,17365,10838,5080,15644,5858,16543,16840,5809,5968,16609,NA,13222,14974,11224,3910,11473,14354,10342,10865,1131,12081,4702,19663,10149,664,5073,10305,10133,10806,5043,16647,15162,14240,9808,3488,15819,3953,553,2740,7111,9574,NA,17253,4164,5167,2944,10035,5376,7645,16600,3845,8862,4074,5347
4435,4817,11318,19868,6587,14556,2764,17970,6937,3840,13905,9216,15636,11945,1281,1833,1366,172,13565,1538,14123,3188,NA,16767,17421,10634,14848,2590,16560,368,15806,NA,7449,14151,9052,13889,12526,11368,5347,1618,NA,3979,8612,13907,18768,10389,1154
17940,6295,7338,14624,13706,17639,11751,8519,18283,9589,16458,18343,18679,18908,13968,14272,16375,17144,18110,1584,NA,12938,NA,3139,17581,14786,6554,1048,7479,13354,14866,19451,5840,19390,3572,432,17182,4786,14736,3170,8630,7471,11152,14568,12180,NA,11863,5869,16945,5352,9253
3447,15879,7062,19498,3314,8928,19041,15083,7827,10523,17797,14271,4586,9787,3252,17830,10348,19548,3882,15417,18988,10575,6650
3190,7989,17553,16113,12018,13771,5612,4900,13407,3917,2614,17379,4771,NA,18302,13591,3967,6707,16832,17407,14667,6800,263,11411,2961,19034,17460,9140,15646,14304,1880,10859,1993,9897,18636,NA,18025,10294,19926,NA,9216,18156,19819,NA,11155,14121,17019,17852,19707,834,11177,3223,15215,9948,10751,1123,8103,8681,6830,1851,1341,16199
1826,11988,9022,8493,13696,7539,6263,15057,17304,18104,14898,11814,14348,6045,15705,11353,19271,6805,16000,14818,8665,1372,8379,2946,NA,13867,6840,2347,15730,8878
14506,13037,19081,19992,1995,13640,5862,1197,12773,5835,2948,1850,18471,17203,18525,4195,5495,15154,14281,14869,2867,8770,16307,13428,1125,NA,7982,11731,17181,14231,7459,16908,15676,7662,4218,3851,8507,17493,17508,12359,1111,NA,14046,NA,15209,19720,15580,2565,3607,5729,42,18941,5441
6366,17897,18723,4837,10734,5863,563,2020,19210,19229,2712,11468,531,663,NA,17938,13232,5721,10807,12514,5931,15773,16995,NA,3843,2315,19500,8942,16843,964,7215,NA,11005,14942,NA,15758,4098,13135,19235,13010,4018,6407,11887,3605,NA,19532,4893,10896,342,11666,14501,15890,10149,781,7053,4434,17213,NA,4436,6085,17524,7234,503
