16450,2695,162,8738,19773,14512,5478,4852,9040,14949,18992,17566,19639,19700,24492.0,9584,9452,18975,19770,16516,14552,9557,10863,7048.0,13074,13837.0,15760,13974,9019,11190,12631.0,14887,12465,17199,8609,17082,1438
14853,9849,17956,576,18792,15436,16473,16287,8254,13542,18764,17961,15193,17853,8805,6542,9957,19598,14119,14317,10778,14993,12360,8433,15768,25097.5,18659,14152,10283,18349,13203,21355.0,16304,18561,11798,7801,6069,9696,1978,15923,9313,10094.0,13979,5750,1850,11144,5904,7981,17189,19387,16959,14743,5906,13070,15960,8146,18385,19584,10141,7479,1708,16715
11472,17674,19456,11528,12622,14274,9040,10574,5606,8189,9347,14615,12257,18154,11394,7291,12722,5874,18789,17594,8035,4348,14094,7975,9695.0,15501,15193,19145,15124,13472,16210.5,5477,12054.0,13154,6616,14114,13020,5377
17345,9522,12966,12744,15469,10869,6330,16509,19398,19959,9683,16784.0,14202,11941,17829,12275,7294,18762,8882,13438,16522,7236,10550,15537,5499,11698.0,12398,12586.0,17214,10607,10648.0,11294,7029,8124,355,10351,12567,902,15490,18844,1325,18076,7965,8097,10797,12667,17726,12041,12952.0,6892,2197,12666,19548,580,8016,9415,7759,6658,8262
9599,8140,17331,9057,7123,3859,11336,17219,17244,8206,5375,6855,15514,6353,9444,17500,5587,15599,14798,7964,19096,15306
18493,18300,8053,15404,8335,3114,8084,19993,13496,4144,13976,13750,7104,18049,5339,2253,5873,19524,11087,19309,12494,21472.0,17956,5879,9871,13777,7066,11899,14889,7210,18699,12391,19321,12718,14174.0,213,7573,19478,18531,8944
10175,19279,476,18011,10878,16442,3126,6243,7949,10737,16908,14262,17598,18967,9618,9807,5734,13037,13381,14426,5161,16568,16525,2625,11085,6342,16288,17615,6861,15456,18079,9362,15251,12584,8454,17566.5,18225,4805.0,18743,19722,8292,3684,17823,13531
17038,17805,11052,12042,17561,13332,18391,8860,9739,19900,18764,14191,14668,7371.0,13896,14355,17395,8201,18576,14793,7065,4814.0,3143,18174,11275,18491,9700,10684.5,3344,8104,9337,12160.0,18296,14858,22955.5,16195,19150,10735,17434,17279,8594,10859.5,7174,14537,12554,11596,17734,15942,656,1857,10122,6062,5603,14131
16781,7137,11397,18148,7424,19028,11234,12329,1702,9460.0,15516,15021,18389,12071,17571,18459,14899,12791,10105,8534,12949,11607,16900,17642,7289,8607,9929,11851,19775,14952
3865,9321,9261,11895,16328,18264,654,14828,13815,8109,9805.5,4794,15711,11288,8521,11232,7227,12393,16662.0,8538,9952,15719,19205,9758,14313,13860,16185,6713,13689
5861,12404,17533,3148,4399,3221,17867,12142,5938,16459,14137,9928,8943,10799,18690,7164,5336,9422,8221,13029,11806,16087,25481.0,18788,9075,12802.0,7454,10948.0,15150,15101,19398,16470,4421.5,6749,14188,12326,14905,9441,15350,15243,19231,28945.5,19429,14627,5574,19838,18021,6006.0,7142,6894,6262,15521.5,18519,12908,13942,16227,18576,10071,16717,14558,8370,17532,27341.5,19619,17905,8388,13846,16196
15151,19215,18887,10005,4333,17766,10138,7143,8475,18854,9720,17819,9752,10521,16632,20889.5,8515,19127,18804,18148,21857.5,7419,394,8693,8439,18117.0,19356,2102,19780,8043,16338,11841.0,14766,5705,8212,18908,15287,15169,16169,7968,16092,16695,11154,8979,18233,12795,13539,9963,19134,11002,11287,8966,16103,16860
12851,17372,17582,11022,11637,18026,2204,11676,1044,4980,7428,15897,18309.5,7088,9122,14244,15353,15475,8444,17938,5604,11136,5926
10535,15388,7672,14359,12218,15921,10063,19218,17743,17167,8734,17062,18678,10151,17823,12620,16842
17088,4023,17525,18679,18742,9063,14054,10014,16286,8279,15390,2039,7088,13816,13446,18477.5,10063,11828,9977,9016,18984,23660.5,9353,10859,6032,14234,11748,5978,10493.0,9030,17365,16392,12283,18095,12391,15347,6900,13620
1257,6569,15640,13937,17648,7136,8850,14913,17726,19385,19349,19808,15678,12805,17537,9794,4711,6675,8404,17417,13550,3992,9121,13643,10257,16870,13511,6775,12598,16097,6100,12864,16717,13775,18153,26859.0,17412,16177,15644,8775,11346.0,8673,8437,6761,13148,11334,13406,8657
19598,18343,19984,17733,9123,6192,10392,14169,8144,17967,19081,16005,12050,17236,10438,5568,5654,15284.5,19261,10284,10811,6482,7153.0,12853,877,11069,8763,13124,10894,9040,12620,10709,5798,15378,12992,16486,18538,18945,10931,14162,14120,14419,16323,10958,18144,14668,11240
9118,17158,10450,6907,5809,5521,6527,5569,6192,18219,15278,14183,7834,7517,9416,18290,6526,11946,13809.0,14333,12513,9066,5393,8791,10354,5883,9705,13628,12785,22211.0,18852,14326,14494,13104,10531,18973,18924,28789.0,19730,18618,16804,12168,15835,11501,21285.5,19569,11800,17979,17832,13893,8784,14286,6207,13857,14874,8235,9200,9143,9087,17385,15860,18584.5,5449,16820,8247,10373
7378,13582,19497,9183,12614,13785,9664,14215,8890,11596,6572,4267,4683,8004,6724,11040,8456,19299,29290.0,19982,14075,18187,23374.5,10375,19609,17193,14689,15096,229,9107,18460,15706,1867,5535,17646,5649,17241,8366,8701.0,4423,7067.5,10798,15102,14473,19576,7751,13778,6803,15534
15513,18196,16715,18850,4030,7246,14417,2868,2474,9069,9845,6099,1575,17447,17447,19730.0,9329,19227,7679,15757,14468,19779.0,10622,13905,10726,13389,12068,2847,7416,14283,11893,9753,14621,12326,14404.5,7833,15884.5,16103,10132,15657,15114,12335,19847,15923,14809,13039,17972,3040,9461,10368,9889,8571,18189,11489,16109,10374
4799,16071,14358,8710,4181,5842,17559,5590,14820,18970,6697,9968,15836,7852,13606.5,19883,5580,8043,18922,13963
13717,12368,13304,16588,15203,7616,19167,10708,5076,7143,9902,1522,10471,10487,11566.0,6783,14289,14434,15933.5,10852.5,15707,9347,16061,9982,19614,9446,19427,12565,18014.0,10898,16397,6992,13118,17704,17061,11117,17263,15998,9841,10799,17407.0,13216,14523,8757,7080,18138,12933,18888.5,11911,8951.5,9051,13062,17363.5,8603,16824,10219,14436,5268
19181,8836,9937,8934,762,8133,17599,18599,10120,5445,13743,16462.5,5439,5374,17579,6589,7986,8361,2102.5,7600,16834,21877.0,10086,11083,14685,16184,6961.5,7543,5758,7515,9873,6663,13909,8590,6162,15965,16476,11446
10406,9704,10375,8856,5167,12641,17738,16369,12522.0,17230,19008,1814,19937,17366,14716,13529,16034,16614,12202,7177,5706,7061,18847,6661,13617,7093,17156,7370,6665,12912,16825,6062
10739,9248,18903,9352,7799,6893,17477,14650,6799,15014,10060,12949,14486,13450,11631,9741,6910,13946,8283,16551,13908,18407,25538.0,14262,10452,17738,2268,8908,9370,13963.5,9187,6586,14931,18113,10345,11153
14689,16187,18314,19090,9615,7927,14135,13427,9180,7004,10014,15870,7666,18632,9193,19450,6649,19976,13178,11838,18780,6771,13373,6639,11514,13150.5,18897,5518,11604,3913,17583,13153,16815,14547,6898,3085
10880,4673,13022,6476,8072,19407,15888,18534,14883,18770,28214.5,18889,12909,6113,19150,11451,14226,15683,10105,8408,15365,14973,3656.5,15553,14125,17784,10387,13760,12146,9237,19537,8701,18534,19659
7911,16965,8428,17616,19902,18273,11885,19273,8448,10433,17860,21745.0,7770,7751,10952,10297,15011,6889,15532,6426,15367.5,17883,9918,8362,18635,16135,15620,14042,18963,19263,12269
9095,19235,6097,4678,17768,9065,11926,5906,13827,7403,5649,12251,9057,1183,16668,6241,9669,16446,10012,17354,18678,12401,7647,15099,13926,8139,15687,11542,18525,15484,8023,13016.5,9987,12900,11170,19417,9225,16560,15132,5464.0,7850,14919,19553,9303,17928.5,17251,5396,4445,4685,4870,18978,15045,15711,193,9489,10724
9045,17526,6862,8703,16042,13632,10756,19517,7407,19364,10302,12954,6041,9022.0,5962,5816,7093,17408,18727,14918,16588,18367,10270,10567,3664,9669.0,12010,6060,18597,19942.5,11255,15643.0,8776,5711,2033,18367,16801,3306,11439,14327,11501,12135,10475,15988,3501.0,5543,9398,9618,9753,4209
8361,14474,13432,14485,17768,7023,13821,13168,15799.5,9473,16777.5,14609,3413,14512,6511,8768,11224,16232.5,10017,15628,13506,10972,6682,8743,18155,2108,9459,16634,18724.0,3261,620,13894,14004.0,5343,14251,23062.5,17623,15091,9806,12486,11706
15856,15396,7492,10929,5708,6076,18416,17059,13741,16487,4929,13069,10837,5335,5777.0,11001,12884,16114,15732
18279,18401,13199,10742,12641,19764,12701,8892,5799,10764,5093,8907,13180,958,18212
19450,11460,19287,10852,19255,8568,17964,25819.0,15710,8744,5363,14999,17927,13265,8622,8241,6871,17259,11956,12412
13197,15680,18804,6739,4850,10676,11835,14473,18253,6665,11594,5684.5,11097,9038,16511.0,14946,348,10345,12549,19984,19688,947,8985.5,16077,12728,21820.5,18185,15682,7033,11781,10016,16289,6560,8894,9348,13671,16378,9628,12851,11599,19374,11115,7569,10677.0,6216,12781,4468,16283,16014,8750,18251,12010
1962,15707,17390,18388,14301,17499,17976,8101,14038,10754,16302,19372.5,6141,10855,17922,9424,15014,8425,14629,13031,14426,3204,15734,9275,12719,14922,4938
13821,12127,18088,19301,10745,15069,14725,7945,10474,14962,19404,11875,18518,13721,19814,12163,18607,3434,13698,18993.5,10591,6566,11214,12499,10989,8457,12339,15437,12675,18392.0,11434,14937,22163.0,14452,10092,5624,17523,5819,8615.0,13532,5867.0,9008,18344,18886,14645,15609,20151.5,9085,11947,17660,442,2358,17335,8972,14881,12784,7360,9227.0,8370,14834,8249,10498
5750,6148,14961,19767,5620,6272,16409,7530,7075,11581,18341,12631,14370,7080,14570,14853,10240,15831,13435,10419
10049,4729,7576,17656,15239,10331,19627,8848,19596,8095,18468,25509.0,14082,14842.0,5658.0,8276,17054.0,17556,5495,9044,11882,9038,14284,5767
8511,9119,16874,9515,14506,6646,8094,8629,8557,12042,10345,18427,5395,9135.5,13267,6332,8935,8638,6438,6887,18418,16237
8044,18591,16752,16600,19230,9069,14378,9027,13776,13991,10518,18109.0,15182,16118.5,18084,9985,18395,10708,12477,4417,17782,4189,10563,14867.5,8609,8551,13775,19134
12720,16837,7050,6481,16861,14523,8325,8006,18418,5340,6671.0,11908,17836,17479,13109,7136,9805.0,5338,11852,7739,19856,11491,13328,6160,1773,18453,15145,19197,14207,10617,11517,6829,6913.0,6230,15428,12577,17389,11993,5784,11730,5604,9891,10253,8688,10243.5,17473,14456,17573,8599,13103,13029,17745,5967,18552,26969.5,16835,10804,13802,10248
10555,7153,12890,19137,10598,5665,11958,5920,15732,9112.5,7923,14779.0,13712,6538,18094,4712.5,16790,14106,14065,5501,7849,9957,5304,11764,5594,9951,14400,12666,17297,8289,1451,13967,16079.0,17091,12769,6469,15077,15436,6335,9710,12908,9242,9613.0,13050,5697,18910,24611.0,11402,17521,13452,1524,8902,17771,14999,17361,10861,8889,10359,6927.0,13734,13832,9374,8085
8558,13817,13781,7559,18497,14606,10572,16666,3505,19418,11949,18059,25916.0,15714,18742,14388,7385,13482,19534,6680,19390,11297,4854,13924,8886,9779,13622,13722.5,9659,14447,16533,9770,10594,17319,18279,11196,10546,14205.0,19074,10348,2964,6640,19042,12537,9346,12502,18627,8785,12302,850,19335,18427,9136,18755,7024,17681,17799,12622,13195,18354,9281,10224,6468
15231,19558,6050,19089,12297,8213,18038,13837,18890,17272,17395,9088,11739,2006,10293,8387,6265,17238,7627.5,13993,3843,18100,5615,13658.5,16087,19267,5410,7686,12196,14565,18845,7098,11172
17110,9350,18763,12024,5156,15029,4457,7651,7996,16213,14147,4040.0,6848,19243,12173,20572.5,16799,51,17145,3369,19458,23231.0,7546,8339,14689.5,12701,11015,18926,7754,19874,19970,11263,16033,15676,10288,1578,7016,5500,14189.0,17378,7724,15023,12547,18255.0,11416,8716,8643,1182,12254,19989,7146,15627,13490,5074,6116,10434,14722.5,8577,13489,16564,1788,9577,9920
8290,15848,9880,19714,11717,14427,2353,15045,1037,13706,18866,21723.0,5714,15157.5,18887,13726,9275.0,15872,17365,10838,15644,5858,16543,16840,5809,5968,16609,23220.0,13222,14974,11224,11473,14354,10342,10865,12081,19663,10149,5073,10305,10133,10806,16647,15162,14240,9808,15819,553,7111,9574,18200.5,17253,5167,10035,5376,7645,16600,8862,5347
4817,11318,19868,6587,14556,17970,6937,13905,9216,15636,11945,1833,172,13565,14123,11571.5,16767,17421,10634,14848,16560,15806,19530.5,7449,14151,9052,13889,12526,11368,5347,3607.5,8612,13907,18768,10389
17940,6295,7338,14624,13706,17639,11751,8519,18283,9589,16458,18343,18679,18908,13968,14272,16375,17144,18110,8053.0,12938,14507.5,17581,14786,6554,7479,13354,14866,19451,5840,19390,432,17182,14736,8630,7471,11152,14568,12180,18111.5,11863,5869,16945,5352,9253
15879,7062,19498,8928,19041,15083,7827,10523,17797,14271,9787,17830,10348,19548,15417,18988,10575,6650
7989,17553,16113,12018,13771,5612,13407,2614,17379,13922.0,18302,13591,6707,16832,17407,14667,6800,11411,19034,17460,9140,15646,14304,10859,9897,18636,27648.5,18025,10294,19926,24534.0,9216,18156,19819,25396.5,11155,14121,17019,17852,19707,11177,15215,9948,10751,8103,8681,6830,1341,16199
11988,9022,8493,13696,7539,6263,15057,17304,18104,14898,11814,14348,6045,15705,11353,19271,6805,16000,14818,8665,8379,9879.5,13867,6840,15730,8878
14506,13037,19081,19992,13640,5862,12773,5835,1850,18471,17203,18525,5495,15154,14281,14869,8770,16307,13428,5116.0,7982,11731,17181,14231,7459,16908,15676,7662,3851,8507,17493,17508,12359,8134.0,14046,21650.5,15209,19720,15580,3607,5729,18941,5441
6366,17897,18723,10734,5863,2020,19210,19229,11468,663,9632.0,17938,13232,5721,10807,12514,5931,15773,16995,18916.5,2315,19500,8942,16843,7215,12717.5,11005,14942,22821.0,15758,13135,19235,13010,6407,11887,13371.0,19532,10896,11666,14501,15890,10149,7053,17213,19431.0,6085,17524,7234
