-18456169.857
43569573.128
-175058252.102
-6116038.487
231428483.982
16879563.808
681373144.100
-87348456.170
133619075.957
236133533.436
-185186065.500
-403285066.050
8750427.385
110995677.652
-475407235.081
191329264.268
25747127.452
-166848394.089
-25564841.690
124243090.613
72141252.378
36973803.689
36654966.952
-76394332.397
126020446.282
-20089394.571
-120659836.481
-13093229.761
396397349.846
-68931546.022
55434487.719
-72929009.267
-173137300.956
-157173868.015
-75305211.000
7845984.930
26727315.851
137493323.491
-107473085.910
415761734.935
-167528245.111
87751504.068
52225672.055
-119556828.405
59992692.241
139318886.619
219760853.200
-47527426.879
44046016.244
-140078731.586
86267454.130
-67608103.174
-286523839.583
-282629471.938
-284467604.236
153778383.273
-115965597.643
-130589308.649
-55839233.732
-190742165.719
144226073.609
77706729.963
526231657.893
-62419736.000
-139865187.277
-391360569.709
61079280.778
508175070.923
-116963487.348
-61797628.000
128071593.537
360766591.463
-91786507.133
-152348878.491
126527741.785
